0 1
3 1
18 1
19 1
20 1
21 1
22 1
23 1
25 1
27 1
29 1
34 1
41 1
42 1
48 1
49 1
57 1
58 1
59 1
60 1
70 1
71 1
72 1
73 1
74 1
75 1
79 1
81 1
84 1
86 1
88 1
90 0
95 1
96 1
97 1
99 0
103 1
105 1
107 1
111 0
115 1
122 1
123 1
124 1
125 1
126 1
127 1
128 1
129 1
131 1
133 1
134 1
136 1
137 1
181 0
186 0
197 1
199 1
201 1
202 1
204 1
210 0
211 1
212 1
213 1
220 1
222 1
224 0
229 0
231 0
234 0
237 0
240 0
243 0
247 0
249 1
252 1
255 1
256 0
259 0
262 0
267 0
272 1
274 1
282 0
285 0
314 1
315 1
318 0
324 1
371 0
372 0
380 1
381 1
385 1
390 0
392 0
394 1
395 1
396 1
397 1
398 1
399 1
400 1
401 1
402 1
403 1
404 1
405 1
406 1
407 1
408 1
411 1
412 1
413 0
417 0
421 1
422 1
423 1
424 1
426 1
428 1
430 1
432 1
435 0
439 1
440 1
441 1
442 1
443 1
444 1
445 1
446 1
447 1
448 1
449 1
450 1
451 1
452 1
453 1
454 1
455 1
456 1
457 1
460 1
463 1
465 1
467 1
470 1
472 1
474 1
477 1
479 1
481 1
484 1
519 1
520 1
526 1
527 1
528 1
529 1
532 1
535 1
536 1
537 1
538 1
539 1
541 1
543 1
548 1
553 1
555 1
561 1
564 0
568 1
569 1
570 1
571 1
572 1
573 1
574 1
575 1
576 1
577 1
578 1
579 1
580 1
582 1
584 1
586 1
588 1
591 1
593 1
595 1
598 1
600 1
602 1
605 1
614 1
615 1
618 1
626 1
629 1
631 1
634 1
636 1
638 1
640 1
642 1
643 0
647 1
648 1
650 1
652 1
654 0
656 0
658 0
674 1
677 1
678 0
680 0
681 1
683 0
687 0
698 0
713 1
715 1
725 1
733 1
741 1
745 1
750 0
752 1
754 1
756 1
758 0
761 1
771 1
